11111111111100000000 [1]
01111111111110000000 [2]
00111111111111000000 [3]
00011111111111100000 [4]
00001111111111110000 [5]
00000111111111111000 [6]
00000011111111111100 [7]
00000001111111111110 [8]
00000000111111111111 [9]

10000000011111111111 [1]
11000000001111111111 [2]
11100000000111111111 [3]
11110000000011111111 [4]
11111000000001111111 [5]
11111100000000111111 [6]
11111110000000011111 [7]
11111111000000001111 [8]
11111111100000000111 [9]
11111111110000000011 [10]
11111111111000000001 [11]

9 + 11 = 20
